255
255
-70
-57
73
-88
99
19
255
255
-255
-255
-185
-255
-255
-255
255
255
255
255
-255
-255
-255
79
255
255
-255
-255
-255
-255
-255
-255
255
255
-255
-255
-255
-186
-233
-255
221
51
255
255
-255
-194
-255
255
136
-78
-255
-255
-255
-255
-255
-229
224
41
-255
-255
-255
-226
-255
-201
0
31
-32
72
-9
-129
10
119
-255
-255
-255
-207
-255
-255
-255
-255
-255
-255
96
-255
197
-255
-255
145
-255
-255
-255
-255
-255
-255
-255
-255
-255
-255
-255
-255
-189
-248
-201
-255
-255
-206
255
-240
255
-246
-169
255
-190
-194
-255
-255
-255
-255
-255
-252
-151
-212
-255
-190
-168
-255
-255
-255
201
60
-255
-219
-236
-210
-249
-255
210
41
-255
-255
-255
255
255
255
255
108
-255
-255
-255
-255
-244
-238
255
119
-255
-255
-255
-222
-200
-205
228
80
-255
-216
-232
-196
-221
-255
255
149
-255
-255
-255
-255
-255
-255
255
105
-255
-255
-255
208
73
-21
118
-129
-255
-255
-255
-255
-255
-255
