1458
-289
-249
-149
-169
-89
-49
0
49
69
0
0
-29
-29
-49
0
89
-69
-29
-29
49
0
0
0
69
-69
0
0
0
0
0
0
69
0
0
-29
-29
0
0
0
0
0
0
-29
0
0
0
0
0
0
0
0
0
0
0
0
0
0
0
0
0
0
0
0
1710
29
0
29
0
0
-29
-29
-29
0
0
0
0
0
0
-29
109
0
0
-29
29
0
0
0
149
-29
0
-29
0
0
0
29
69
0
0
0
0
0
0
29
0
0
29
0
0
0
0
0
0
0
0
0
0
0
0
0
0
0
0
0
0
0
0
0
1386
-289
-289
-189
-109
-29
0
0
149
-109
0
0
0
0
0
0
-109
49
0
0
0
0
0
0
49
0
-29
0
0
0
0
0
0
-29
0
0
0
0
0
0
0
29
0
0
0
0
0
0
0
0
0
0
0
0
0
0
0
0
0
0
0
0
0
0
1512
-29
49
29
0
0
0
0
189
69
0
0
0
0
0
0
89
-69
-49
-29
0
0
0
0
-89
29
49
0
0
0
0
0
0
29
0
29
0
-29
0
0
0
0
0
0
0
0
0
0
